0 0.456681 0.747048 0.117176 0.124569
0 0.234468 0.742293 0.151499 0.145600
0 0.732831 0.753914 0.130479 0.127829
0 0.285951 0.590653 0.112117 0.123006
0 0.487883 0.636645 0.107670 0.096667
0 0.684304 0.705515 0.110925 0.085942
0 0.476811 0.402338 0.119623 0.203551
0 0.877127 0.372922 0.074706 0.100667
0 0.638853 0.529224 0.076321 0.087038
0 0.817942 0.975600 0.146495 0.045801
0 0.961259 0.272980 0.075407 0.153134
0 0.129275 0.902035 0.239580 0.189865
0 0.981060 0.336891 0.035805 0.160390
0 0.612471 0.484120 0.072667 0.070760
0 0.129275 0.902035 0.239580 0.189865
0 0.780316 0.309646 0.055364 0.065697
