0 0.221139 0.815707 0.109234 0.161401
0 0.281776 0.941749 0.076151 0.087987
0 0.411145 0.863009 0.061625 0.072207
0 0.731070 0.755709 0.077085 0.141459
0 0.697246 0.906153 0.068508 0.078297
0 0.708062 0.713780 0.066462 0.119502
0 0.326332 0.855462 0.061226 0.078596
0 0.614719 0.837876 0.051548 0.063427
0 0.431261 0.751978 0.040918 0.052797
0 0.585927 0.890521 0.060816 0.072760
0 0.580628 0.795094 0.047467 0.056503
0 0.631397 0.730985 0.037790 0.043544
0 0.557676 0.734215 0.036922 0.047051
0 0.658336 0.807662 0.046844 0.056875
0 0.369071 0.734628 0.037398 0.047605
0 0.864693 0.938946 0.102469 0.118781
0 0.604998 0.757179 0.039671 0.050863
0 0.609118 0.949679 0.097218 0.097314
0 0.641771 0.778450 0.045102 0.049860
0 0.331665 0.812666 0.056082 0.061656
0 0.443659 0.712099 0.035764 0.041930
0 0.608542 0.700333 0.035403 0.042476
