0 0.762270 0.829965 0.075974 0.088998
0 0.829736 0.884806 0.097724 0.119435
0 0.569553 0.955545 0.099873 0.082084
0 0.648706 0.805926 0.066250 0.086868
0 0.220283 0.941036 0.110452 0.111102
0 0.418216 0.890440 0.090720 0.110219
0 0.895836 0.839522 0.074702 0.090430
0 0.815299 0.718276 0.050999 0.066700
0 0.696649 0.704482 0.053025 0.078644
0 0.925447 0.681422 0.052209 0.080401
0 0.391782 0.774654 0.057112 0.101462
0 0.212682 0.866578 0.088103 0.091013
0 0.349888 0.756183 0.050505 0.069102
0 0.348765 0.718261 0.051627 0.057304
0 0.554433 0.754498 0.064534 0.087642
0 0.466330 0.678233 0.049944 0.073316
0 0.428451 0.640311 0.044893 0.059832
0 0.579125 0.623457 0.051066 0.051405
0 0.648709 0.607445 0.043210 0.053091
0 0.744388 0.593119 0.044893 0.056461
0 0.831650 0.669384 0.053311 0.064046
0 0.948653 0.628513 0.044893 0.056461
0 0.906285 0.654216 0.047699 0.057304
0 0.937149 0.576686 0.044332 0.053933
0 0.882997 0.514326 0.038159 0.045506
0 0.984975 0.547613 0.025505 0.053091
0 0.930976 0.493258 0.033109 0.047192
0 0.983291 0.505478 0.028872 0.042978
0 0.820426 0.501264 0.035354 0.044664
0 0.769360 0.527809 0.037598 0.058990
0 0.633838 0.542557 0.035915 0.048034
0 0.692200 0.521068 0.040404 0.052248
0 0.486532 0.570366 0.045455 0.061518
0 0.567059 0.549720 0.042649 0.057304
0 0.526094 0.524439 0.041526 0.067417
0 0.553030 0.489466 0.028058 0.036236
0 0.571829 0.457443 0.029742 0.056461
0 0.603255 0.466713 0.036476 0.044664
0 0.645342 0.468820 0.030864 0.035394
0 0.068182 0.706042 0.057239 0.063203
0 0.161616 0.691295 0.053311 0.053933
0 0.131033 0.674862 0.040404 0.054776
0 0.295174 0.964448 0.097082 0.064278
