0 0.791085 0.373561 0.114986 0.168705
0 0.801960 0.877692 0.139031 0.142275
0 0.302454 0.789815 0.112901 0.139528
0 0.553897 0.645535 0.117297 0.128844
0 0.422004 0.723457 0.112161 0.095607
0 0.194201 0.601040 0.089360 0.097212
0 0.335913 0.557217 0.083497 0.103548
0 0.094882 0.652060 0.111201 0.139992
0 0.840688 0.522594 0.080684 0.086706
0 0.671386 0.482110 0.071632 0.082100
0 0.969868 0.536009 0.057039 0.085096
0 0.720367 0.295139 0.084483 0.118690
0 0.877445 0.376627 0.070785 0.131260
0 0.747048 0.455790 0.064414 0.077802
0 0.033832 0.505484 0.067438 0.085210
0 0.030123 0.388637 0.060245 0.069180
0 0.081601 0.309333 0.047207 0.053994
0 0.138642 0.432085 0.066876 0.068337
0 0.146510 0.486501 0.075868 0.080991
0 0.277734 0.470050 0.078678 0.095334
0 0.435652 0.538387 0.087670 0.103770
0 0.368495 0.440100 0.064629 0.072555
0 0.247387 0.379356 0.057323 0.074242
0 0.330280 0.362905 0.056761 0.066649
0 0.571653 0.391168 0.055075 0.067493
0 0.658480 0.356578 0.064629 0.097865
0 0.945375 0.463723 0.069686 0.075930
0 0.147915 0.333799 0.061819 0.096177
0 0.184163 0.275586 0.052265 0.097865
0 0.299933 0.273477 0.026413 0.039652
0 0.340396 0.288241 0.044397 0.075930
0 0.519108 0.288241 0.034281 0.043870
0 0.591323 0.295412 0.049455 0.098708
0 0.636563 0.284445 0.043273 0.071711
