0 0.066755 0.650559 0.106506 0.123132
0 0.245218 0.743999 0.239927 0.333886
0 0.529626 0.659938 0.089679 0.103989
0 0.391160 0.645456 0.117233 0.145855
0 0.662175 0.650354 0.075182 0.118534
0 0.719868 0.635243 0.050532 0.074812
0 0.304722 0.489052 0.035467 0.055151
0 0.591978 0.625171 0.056665 0.071829
0 0.694141 0.475700 0.034941 0.044636
0 0.481602 0.432272 0.030616 0.047288
0 0.647282 0.455734 0.029484 0.037246
0 0.749399 0.505924 0.033522 0.044192
0 0.360242 0.481676 0.038986 0.053855
0 0.360202 0.534659 0.043271 0.069318
