0 0.635766 0.886078 0.127620 0.145711
0 0.142681 0.884083 0.127636 0.150437
0 0.377929 0.849333 0.104127 0.186016
0 0.747903 0.772679 0.099102 0.110746
0 0.871965 0.836146 0.118933 0.172192
0 0.596811 0.720659 0.083947 0.106007
0 0.311077 0.546536 0.062517 0.101948
0 0.106026 0.766317 0.096343 0.112733
0 0.319558 0.749318 0.096841 0.127108
0 0.406593 0.711004 0.077991 0.088869
0 0.671909 0.673671 0.066332 0.074985
0 0.337094 0.645401 0.056437 0.065409
0 0.829104 0.709477 0.088185 0.116144
0 0.259677 0.635404 0.051511 0.062329
0 0.743584 0.651410 0.059340 0.065670
0 0.434410 0.644072 0.052490 0.063533
0 0.186272 0.672894 0.084207 0.104580
