0 0.167513 0.529388 0.093449 0.222700
0 0.608813 0.717972 0.090680 0.103325
0 0.801014 0.851584 0.128054 0.137155
0 0.936483 0.484346 0.086293 0.153140
0 0.723331 0.779666 0.103783 0.120741
0 0.603714 0.882082 0.120973 0.135595
0 0.864289 0.557386 0.078073 0.118018
0 0.665253 0.408763 0.054927 0.124470
0 0.335581 0.773525 0.170393 0.327042
0 0.600782 0.404231 0.040730 0.086561
0 0.465960 0.625539 0.072964 0.077339
0 0.821496 0.446341 0.082716 0.113498
0 0.503108 0.962974 0.146376 0.070863
0 0.976539 0.709382 0.044848 0.115084
0 0.852431 0.660738 0.085864 0.094654
0 0.727095 0.430809 0.059819 0.131981
0 0.653406 0.554007 0.066961 0.081011
0 0.804343 0.631642 0.073547 0.084386
0 0.766197 0.610546 0.054337 0.079323
0 0.727228 0.594090 0.063119 0.088605
0 0.918505 0.608436 0.055984 0.102107
0 0.968613 0.626579 0.060698 0.128267
0 0.219807 0.677211 0.073547 0.087761
0 0.409164 0.704636 0.064765 0.098732
0 0.420964 0.576369 0.060923 0.080167
0 0.456091 0.583120 0.064217 0.054851
