0 0.578279 0.706177 0.145268 0.179738
0 0.757054 0.682294 0.142393 0.173546
0 0.776574 0.137464 0.096323 0.178200
0 0.207002 0.532585 0.112906 0.126927
0 0.526371 0.463310 0.096634 0.117555
0 0.390686 0.830265 0.159191 0.183415
0 0.401173 0.504867 0.114288 0.149118
0 0.056293 0.609483 0.112586 0.134163
0 0.119852 0.241719 0.086836 0.148312
0 0.228367 0.918111 0.204017 0.158609
0 0.152456 0.433400 0.100637 0.112087
0 0.863727 0.127989 0.083958 0.120418
0 0.388659 0.288906 0.076938 0.088027
0 0.747702 0.250112 0.068520 0.078754
0 0.605596 0.212275 0.059916 0.073944
0 0.878716 0.266935 0.076956 0.087822
0 0.908497 0.222602 0.059561 0.075155
0 0.704512 0.204025 0.060616 0.076844
0 0.568786 0.145758 0.052709 0.065022
0 0.291008 0.329001 0.094877 0.125821
