0 0.207946 0.835783 0.133192 0.271295
0 0.514398 0.894310 0.091026 0.122364
0 0.356537 0.885605 0.084395 0.117429
0 0.301020 0.656029 0.049851 0.068012
0 0.201723 0.670666 0.051604 0.062959
0 0.923471 0.694352 0.074831 0.071562
0 0.158111 0.599527 0.038392 0.056646
0 0.203109 0.538465 0.051055 0.081691
0 0.136639 0.561985 0.036523 0.049448
0 0.724788 0.600729 0.038839 0.041324
0 0.682999 0.574127 0.028770 0.045856
0 0.111129 0.519031 0.029977 0.056913
0 0.110584 0.519535 0.029429 0.057147
0 0.149930 0.482284 0.038814 0.072552
