0 0.566820 0.935118 0.094936 0.123951
0 0.842881 0.841100 0.152107 0.256521
0 0.715923 0.931281 0.100142 0.128268
0 0.110601 0.812526 0.079935 0.108764
0 0.210928 0.808124 0.073986 0.102742
0 0.671746 0.896302 0.093443 0.136485
0 0.923420 0.879692 0.151597 0.212180
0 0.019010 0.814459 0.037954 0.115598
0 0.769923 0.738768 0.134736 0.186766
0 0.256048 0.748493 0.091507 0.140888
0 0.701029 0.819943 0.085444 0.083261
0 0.027878 0.739347 0.055364 0.184225
0 0.544137 0.867107 0.117869 0.213524
0 0.135068 0.783060 0.063504 0.084542
1 0.520312 0.653781 0.029687 0.076046
1 0.198437 0.667300 0.026562 0.081115
0 0.089323 0.705746 0.062500 0.078580
0 0.235937 0.632657 0.052604 0.069286
0 0.604948 0.594212 0.048958 0.063371
