0 0.813626 0.861646 0.284401 0.176894
0 0.346954 0.915828 0.320338 0.167270
0 0.753389 0.646385 0.176852 0.108578
0 0.148572 0.660050 0.189359 0.114287
0 0.292677 0.526241 0.135026 0.082160
0 0.473144 0.547483 0.131763 0.076041
0 0.945183 0.429353 0.089475 0.048869
0 0.046448 0.732780 0.091714 0.130864
0 0.463752 0.678102 0.195336 0.164683
0 0.120953 0.548999 0.156513 0.109999
0 0.401953 0.632560 0.139365 0.097220
0 0.506963 0.498741 0.111141 0.062585
0 0.656835 0.448334 0.087197 0.054495
0 0.356151 0.462449 0.097671 0.073354
0 0.707315 0.548904 0.143201 0.111260
0 0.674254 0.481686 0.109775 0.047573
0 0.807554 0.323593 0.056630 0.029622
0 0.955067 0.360170 0.068157 0.033099
0 0.659387 0.409604 0.076000 0.044333
0 0.887125 0.266857 0.066825 0.051882
0 0.707048 0.548880 0.142974 0.109114
0 0.508527 0.454290 0.089448 0.059265
0 0.866262 0.375424 0.054967 0.042263
1 0.120747 0.441851 0.041632 0.060680
0 0.368251 0.424066 0.087832 0.041849
0 0.410391 0.400352 0.086817 0.053706
0 0.431714 0.370360 0.072601 0.043244
0 0.446691 0.351354 0.064986 0.030340
0 0.453799 0.333743 0.056863 0.027899
0 0.472076 0.314039 0.053816 0.036618
0 0.485277 0.290848 0.056863 0.030689
0 0.525893 0.425809 0.083263 0.049521
0 0.549501 0.400526 0.072601 0.041500
0 0.519293 0.371755 0.069047 0.047428
0 0.565747 0.368965 0.037062 0.033479
0 0.546709 0.348564 0.059909 0.025458
0 0.557624 0.330778 0.057370 0.028248
0 0.556863 0.305843 0.050770 0.025807
0 0.650787 0.375940 0.078186 0.042546
0 0.642918 0.348041 0.053309 0.024412
0 0.653326 0.337753 0.055847 0.026853
0 0.641649 0.323629 0.050770 0.027202
0 0.813252 0.289976 0.040616 0.028248
0 0.971982 0.320316 0.054471 0.035223
0 0.784821 0.279514 0.037570 0.025458
0 0.751820 0.265913 0.045693 0.025458
0 0.036976 0.524677 0.071078 0.063819
0 0.030927 0.600527 0.061853 0.089974
