0 0.505540 0.859174 0.110120 0.119988
0 0.089639 0.844350 0.143227 0.164705
0 0.225093 0.848516 0.099015 0.102337
0 0.428071 0.840862 0.075793 0.095405
0 0.285162 0.837205 0.074969 0.089829
0 0.629952 0.831571 0.082414 0.109581
0 0.687619 0.823888 0.054610 0.079110
0 0.772432 0.805222 0.047641 0.049607
0 0.319685 0.826415 0.103892 0.100588
0 0.381491 0.825224 0.035886 0.072430
0 0.182630 0.813628 0.061834 0.073698
0 0.725652 0.812370 0.040629 0.067166
0 0.559306 0.816078 0.033005 0.064655
0 0.586704 0.828971 0.038060 0.102343
