0 0.317731 0.621992 0.080936 0.116659
0 0.613073 0.812494 0.099399 0.161429
0 0.013756 0.717137 0.027289 0.201281
0 0.428597 0.766003 0.098001 0.176558
0 0.522539 0.639195 0.084697 0.134484
0 0.401571 0.585541 0.071114 0.095004
0 0.156367 0.616590 0.095572 0.166088
0 0.654193 0.631576 0.072232 0.119410
0 0.629251 0.711009 0.084970 0.152009
0 0.480359 0.558497 0.055025 0.082281
0 0.380050 0.540361 0.046570 0.067145
0 0.719755 0.584978 0.059850 0.102339
0 0.610791 0.539291 0.047515 0.082237
0 0.521473 0.541575 0.038834 0.074013
0 0.659448 0.560307 0.044317 0.073099
0 0.767270 0.557566 0.048885 0.082237
