0 0.097716 0.800739 0.194431 0.380853
0 0.413308 0.726046 0.295395 0.350307
0 0.061115 0.643940 0.122230 0.210684
0 0.706035 0.566308 0.105595 0.121089
0 0.925026 0.624091 0.119569 0.145869
0 0.894423 0.563739 0.088083 0.108726
0 0.272403 0.612854 0.130659 0.166930
0 0.696153 0.430861 0.052126 0.060844
0 0.595403 0.614156 0.175635 0.199096
0 0.482546 0.545082 0.081394 0.076970
0 0.817415 0.410153 0.053808 0.064960
0 0.909510 0.397077 0.040356 0.060742
0 0.918822 0.322837 0.051738 0.121483
0 0.111445 0.542182 0.084334 0.087738
0 0.141712 0.460771 0.078642 0.110516
0 0.282699 0.499578 0.069847 0.076771
0 0.289942 0.447273 0.061569 0.078458
0 0.377121 0.472582 0.065190 0.073396
0 0.486289 0.420277 0.047599 0.063272
0 0.537252 0.397499 0.041908 0.049774
0 0.586403 0.378517 0.036734 0.050618
0 0.600631 0.349412 0.031043 0.043025
0 0.504398 0.315244 0.061051 0.113047
0 0.438690 0.332117 0.052773 0.126545
0 0.352028 0.360379 0.056395 0.145948
