0 0.703038 0.776490 0.158373 0.206047
0 0.513986 0.725042 0.100770 0.117083
0 0.113084 0.722177 0.144662 0.196578
0 0.310278 0.697671 0.097414 0.118340
0 0.034025 0.736096 0.067607 0.231635
0 0.599795 0.683230 0.058088 0.072200
0 0.572847 0.644531 0.054358 0.077318
0 0.342328 0.669426 0.095527 0.101633
0 0.547447 0.586167 0.049606 0.049158
0 0.662981 0.600813 0.091533 0.075966
0 0.680313 0.652388 0.054863 0.068170
0 0.528226 0.633801 0.043834 0.057868
0 0.395189 0.641089 0.057326 0.079272
0 0.678134 0.613281 0.050550 0.050551
0 0.606724 0.544660 0.058129 0.100486
0 0.546735 0.535589 0.061849 0.099090
