1 0.481399 0.391984 0.022316 0.062792
0 0.639700 0.794860 0.149990 0.122265
0 0.567977 0.841714 0.172297 0.121931
0 0.069098 0.428600 0.057319 0.070588
0 0.407711 0.939242 0.169770 0.118490
0 0.687312 0.751609 0.142305 0.116821
0 0.461456 0.291747 0.077732 0.048526
1 0.514737 0.930428 0.064236 0.137533
0 0.185698 0.922632 0.184021 0.140279
0 0.115009 0.951408 0.178113 0.094885
0 0.768304 0.656668 0.131393 0.124968
0 0.051066 0.973762 0.101624 0.049717
0 0.492661 0.720704 0.133527 0.114957
0 0.798363 0.615890 0.103250 0.092916
0 0.804998 0.484279 0.091923 0.076085
1 0.565605 0.926075 0.062709 0.146172
0 0.350791 0.807413 0.148183 0.140200
0 0.808872 0.579403 0.115433 0.102990
0 0.626991 0.610674 0.101764 0.092935
0 0.729006 0.693085 0.122463 0.118085
0 0.305247 0.969325 0.183014 0.059592
0 0.403385 0.778461 0.134823 0.115762
0 0.317557 0.325449 0.066160 0.054064
0 0.287606 0.330803 0.049439 0.043575
0 0.526548 0.686287 0.122821 0.104747
0 0.207004 0.379412 0.028170 0.065618
0 0.824378 0.546097 0.097299 0.082532
0 0.607163 0.440739 0.076573 0.079833
0 0.525949 0.274684 0.049300 0.046769
0 0.652040 0.549350 0.101323 0.079609
0 0.556480 0.662870 0.119071 0.102481
0 0.648742 0.505339 0.102081 0.064373
0 0.641933 0.584933 0.104629 0.090845
0 0.342631 0.094543 0.029432 0.034865
0 0.599622 0.633711 0.095809 0.079574
0 0.622111 0.159165 0.041248 0.028664
0 0.027264 0.425397 0.054036 0.113236
0 0.494423 0.876235 0.144419 0.077436
0 0.226524 0.358082 0.056480 0.052322
0 0.238917 0.332277 0.071355 0.041582
0 0.637286 0.131880 0.036495 0.029335
0 0.673606 0.698567 0.138248 0.073958
0 0.638457 0.465547 0.087917 0.065922
0 0.506326 0.224842 0.047284 0.044934
0 0.350728 0.316646 0.049139 0.048378
0 0.524111 0.242150 0.048516 0.043817
0 0.420698 0.154288 0.032200 0.033566
1 0.171387 0.302537 0.022166 0.020814
0 0.765214 0.408817 0.112390 0.100372
0 0.636376 0.413765 0.076754 0.083408
0 0.706620 0.298550 0.115817 0.180952
0 0.252262 0.851655 0.198054 0.159040
