2 0.951291 0.533289 0.096209 0.099542
2 0.137808 0.796122 0.130247 0.149814
2 0.118091 0.930691 0.148603 0.137916
2 0.798711 0.460751 0.088128 0.089190
2 0.883783 0.500376 0.091886 0.083385
2 0.156813 0.715443 0.124345 0.126618
2 0.621677 0.662938 0.117310 0.147275
2 0.991537 0.566437 0.016223 0.081910
2 0.644406 0.825376 0.129764 0.169933
2 0.429907 0.937648 0.170405 0.121756
2 0.398124 0.677207 0.110810 0.111028
2 0.408994 0.781076 0.116780 0.120099
2 0.402588 0.892567 0.132033 0.162434
2 0.398934 0.616096 0.120718 0.120321
2 0.196530 0.579255 0.104987 0.129441
2 0.677760 0.886856 0.130038 0.178883
2 0.184612 0.516234 0.096585 0.116826
2 0.653894 0.357636 0.088875 0.091865
2 0.407307 0.554111 0.098154 0.077278
2 0.402501 0.380216 0.077146 0.081915
2 0.389893 0.470532 0.092203 0.098446
