0 0.910108 0.833337 0.166484 0.293241
0 0.876323 0.169766 0.092838 0.159393
0 0.948327 0.327007 0.101783 0.237545
0 0.066649 0.725994 0.131936 0.251616
0 0.597581 0.901703 0.173859 0.193097
0 0.707819 0.611542 0.200555 0.337636
0 0.029270 0.842795 0.058428 0.300755
0 0.312201 0.634660 0.150928 0.232662
0 0.286485 0.861012 0.183174 0.264753
0 0.837941 0.093288 0.086223 0.134843
0 0.532503 0.581649 0.136168 0.223647
0 0.113347 0.632741 0.121826 0.222443
0 0.988066 0.511571 0.022306 0.233665
0 0.541683 0.430164 0.138993 0.254417
0 0.230328 0.288600 0.097856 0.168978
0 0.169493 0.488525 0.106471 0.210194
0 0.116159 0.542655 0.130883 0.193872
0 0.550533 0.867610 0.149647 0.254161
0 0.533082 0.739943 0.148614 0.230263
0 0.277827 0.932089 0.158335 0.132326
0 0.169168 0.369879 0.108601 0.149119
0 0.362439 0.572232 0.123490 0.253801
0 0.403947 0.340066 0.088437 0.167033
0 0.413537 0.273899 0.098691 0.171127
0 0.563481 0.313757 0.108322 0.165761
0 0.356205 0.395696 0.115435 0.190755
0 0.333912 0.783178 0.129417 0.247739
0 0.567777 0.136290 0.094888 0.146467
0 0.241855 0.136401 0.077294 0.124609
0 0.416597 0.112688 0.093501 0.162736
