1 0.921717 0.667121 0.155004 0.644421
0 0.500076 0.810517 0.358543 0.368980
0 0.602961 0.679726 0.206796 0.253619
0 0.216748 0.887896 0.433192 0.214475
0 0.694016 0.581295 0.117524 0.139713
1 0.844515 0.449047 0.020770 0.112298
0 0.736382 0.485667 0.062290 0.078569
1 0.786204 0.448447 0.009060 0.032515
0 0.121408 0.752162 0.241915 0.181476
0 0.379103 0.604494 0.134233 0.100426
0 0.252865 0.637064 0.127292 0.108891
0 0.571126 0.528172 0.115226 0.109642
0 0.143607 0.594382 0.113931 0.082069
0 0.262221 0.568133 0.113228 0.087985
0 0.690444 0.458274 0.053974 0.045182
0 0.158327 0.668397 0.182926 0.107922
0 0.687705 0.499093 0.089832 0.058374
0 0.059179 0.806623 0.117820 0.087067
1 0.251518 0.469687 0.013213 0.056201
1 0.802569 0.415513 0.009398 0.036277
0 0.465609 0.556571 0.103934 0.083569
0 0.306606 0.718892 0.176112 0.176422
1 0.752289 0.425419 0.014357 0.046467
1 0.725838 0.423173 0.016039 0.047834
1 0.699452 0.420147 0.012417 0.038657
1 0.686129 0.417804 0.011900 0.038657
