0 0.270755 0.820580 0.277795 0.301730
1 0.897968 0.814199 0.095094 0.256050
0 0.495973 0.765552 0.159090 0.199666
0 0.040779 0.766511 0.081168 0.199585
1 0.811016 0.779663 0.105259 0.334825
0 0.577486 0.734447 0.116329 0.165907
0 0.117775 0.722847 0.134343 0.178248
0 0.364735 0.690633 0.119178 0.130026
1 0.854705 0.684262 0.040898 0.167974
0 0.235630 0.688038 0.124617 0.069702
0 0.428529 0.680236 0.047342 0.081500
0 0.456825 0.645053 0.069270 0.050599
0 0.503691 0.653712 0.041561 0.028625
0 0.649964 0.626632 0.146372 0.286661
