0 0.090901 0.707273 0.174691 0.187611
0 0.221008 0.641426 0.168229 0.193377
0 0.360898 0.593512 0.130752 0.142635
0 0.443897 0.546026 0.103704 0.118137
0 0.748954 0.657755 0.153801 0.146656
0 0.023941 0.774659 0.043583 0.192648
0 0.702604 0.466195 0.094969 0.112159
0 0.831442 0.564283 0.114160 0.120802
0 0.517528 0.495566 0.095124 0.104790
0 0.358563 0.483252 0.090283 0.085225
0 0.860824 0.462402 0.096594 0.105325
0 0.546886 0.437766 0.092469 0.108619
0 0.266697 0.533197 0.106884 0.095951
0 0.603831 0.397515 0.073451 0.091791
0 0.515572 0.333539 0.057538 0.074451
