0 0.873590 0.738472 0.251257 0.501111
0 0.757401 0.564048 0.222599 0.342465
0 0.527582 0.466175 0.123933 0.197158
0 0.656440 0.504573 0.188212 0.292803
0 0.555746 0.507350 0.060697 0.197022
0 0.926890 0.433706 0.144657 0.140480
0 0.461513 0.413673 0.103094 0.156713
0 0.206172 0.694448 0.258062 0.589542
0 0.283648 0.303577 0.091230 0.091327
0 0.450237 0.341097 0.116383 0.114596
0 0.846278 0.376172 0.106691 0.062248
0 0.376142 0.601100 0.157978 0.477561
0 0.180705 0.335254 0.134290 0.109499
0 0.073279 0.693722 0.145434 0.589271
0 0.204708 0.255581 0.130455 0.085510
0 0.024284 0.329495 0.048388 0.153693
0 0.281219 0.650995 0.234484 0.535396
0 0.347482 0.322260 0.096915 0.089579
0 0.373104 0.336417 0.066056 0.074086
