0 0.881515 0.713146 0.088496 0.095530
0 0.875578 0.813642 0.107603 0.126388
0 0.674225 0.679372 0.071823 0.076093
0 0.584643 0.602662 0.068213 0.070543
0 0.691786 0.574937 0.068667 0.082241
0 0.594144 0.518683 0.049552 0.051920
0 0.504280 0.523499 0.049774 0.065845
0 0.338524 0.573653 0.059547 0.066677
0 0.625136 0.483907 0.043313 0.055050
0 0.367699 0.599840 0.059118 0.064705
0 0.323583 0.502248 0.055912 0.056794
0 0.267054 0.564784 0.058038 0.078866
0 0.282902 0.625243 0.049843 0.067548
0 0.601300 0.437909 0.041729 0.048685
0 0.213620 0.626951 0.084243 0.118952
0 0.345162 0.699296 0.103539 0.139820
0 0.608481 0.788684 0.117187 0.157211
0 0.170322 0.486088 0.049416 0.070954
0 0.266331 0.431829 0.044710 0.062606
0 0.334337 0.425568 0.039533 0.051476
0 0.466350 0.382788 0.031532 0.042433
0 0.538121 0.405047 0.045181 0.053563
0 0.597186 0.376179 0.031532 0.044520
0 0.481175 0.469740 0.048005 0.050780
0 0.188441 0.442611 0.040474 0.047998
0 0.238799 0.524695 0.055535 0.075823
0 0.106081 0.573736 0.086596 0.137733
0 0.482587 0.324703 0.029179 0.041737
0 0.591303 0.276357 0.028238 0.045216
0 0.522590 0.324703 0.029179 0.033390
0 0.204678 0.424177 0.046593 0.052867
