1 0.842897 0.540636 0.071798 0.313750
0 0.489070 0.524513 0.300424 0.341671
1 0.914098 0.541052 0.058641 0.309021
0 0.341358 0.543039 0.101074 0.208662
0 0.641537 0.522054 0.049150 0.218201
1 0.106196 0.529806 0.051393 0.244547
1 0.045144 0.529893 0.055913 0.245054
1 0.789138 0.507972 0.048951 0.221897
0 0.963948 0.548215 0.070542 0.234845
0 0.745897 0.419174 0.118932 0.109079
1 0.008303 0.505839 0.016491 0.347331
1 0.191157 0.538785 0.027427 0.217937
1 0.166431 0.537308 0.028674 0.234190
1 0.139835 0.528443 0.029505 0.207595
