0 0.167929 0.835533 0.204077 0.301462
0 0.652345 0.686861 0.168480 0.248815
0 0.928772 0.846657 0.139253 0.293829
0 0.246398 0.585596 0.172078 0.287534
0 0.039928 0.640683 0.078959 0.239945
0 0.654009 0.879289 0.194708 0.224691
0 0.619342 0.557213 0.141278 0.193502
0 0.066688 0.521997 0.129489 0.190160
0 0.590249 0.423150 0.119669 0.164971
0 0.899189 0.729651 0.175257 0.252955
0 0.840362 0.499474 0.155923 0.228932
0 0.300680 0.437614 0.135878 0.224604
0 0.120539 0.397050 0.134126 0.194472
0 0.178464 0.330586 0.088482 0.137211
0 0.789620 0.411798 0.117908 0.166868
0 0.972683 0.399811 0.053072 0.194503
0 0.948524 0.365900 0.091469 0.155120
0 0.884891 0.295182 0.111411 0.169196
0 0.749178 0.337444 0.103924 0.162666
0 0.342778 0.312637 0.090799 0.139629
0 0.011566 0.330777 0.022960 0.155820
0 0.200082 0.287837 0.077724 0.131146
0 0.583860 0.284648 0.099734 0.099734
0 0.182015 0.184914 0.110539 0.210550
0 0.291930 0.232196 0.064412 0.102689
