0 0.506426 0.752113 0.248845 0.309586
0 0.395431 0.663035 0.122660 0.198622
0 0.660081 0.651451 0.132149 0.182728
0 0.585282 0.626218 0.078247 0.102905
0 0.845023 0.661982 0.270091 0.309739
1 0.012856 0.570917 0.017839 0.059798
0 0.512033 0.574514 0.081011 0.055289
0 0.328904 0.555447 0.066676 0.090514
0 0.366875 0.599736 0.083718 0.090285
0 0.338215 0.587414 0.052651 0.083040
0 0.205109 0.530222 0.048165 0.051737
0 0.288899 0.552282 0.028195 0.069193
0 0.169689 0.527718 0.034275 0.046639
0 0.245758 0.534529 0.044024 0.063914
