2 0.240442 0.678323 0.131817 0.151087
2 0.654316 0.794755 0.085989 0.213584
2 0.868063 0.869149 0.194672 0.255337
2 0.487743 0.757464 0.103182 0.187882
2 0.178410 0.619260 0.146852 0.147714
2 0.312766 0.769884 0.137964 0.198804
2 0.043465 0.477063 0.086930 0.088177
2 0.741148 0.561824 0.076934 0.127495
2 0.496170 0.416685 0.052749 0.071306
2 0.710145 0.441627 0.046326 0.072112
2 0.644219 0.552515 0.065839 0.132080
2 0.546398 0.474212 0.051892 0.083330
2 0.032812 0.436635 0.065354 0.070316
2 0.587141 0.387901 0.047457 0.058839
2 0.117450 0.349674 0.068632 0.071393
2 0.640170 0.408884 0.044421 0.085398
2 0.290741 0.435372 0.042403 0.068971
2 0.696477 0.370333 0.037710 0.057889
2 0.171396 0.400338 0.064782 0.059235
2 0.635217 0.337175 0.028734 0.044036
2 0.580208 0.338515 0.030601 0.047000
2 0.352199 0.701608 0.071436 0.086123
2 0.498985 0.325500 0.031246 0.044986
