0 0.646059 0.578897 0.098072 0.128510
1 0.432163 0.767754 0.123691 0.440045
0 0.273268 0.628573 0.158749 0.218343
0 0.354571 0.597866 0.063419 0.139625
0 0.471159 0.518889 0.046254 0.052802
0 0.351555 0.562140 0.110929 0.134466
0 0.613635 0.554669 0.064992 0.102138
0 0.586757 0.505503 0.044658 0.065898
1 0.690693 0.522641 0.023522 0.080218
0 0.448589 0.538440 0.043367 0.065730
0 0.406348 0.560362 0.047369 0.106138
0 0.410824 0.522200 0.056217 0.048762
0 0.493507 0.508589 0.035394 0.050571
0 0.426797 0.535052 0.086175 0.070952
0 0.598790 0.525082 0.047824 0.067965
