1 0.508062 0.650286 0.098808 0.337808
0 0.279604 0.683804 0.314216 0.267786
1 0.688287 0.655190 0.107800 0.298755
0 0.976290 0.647819 0.045857 0.171841
0 0.796915 0.648812 0.050643 0.137340
1 0.874795 0.661348 0.066284 0.321202
0 0.608919 0.622516 0.039788 0.096654
0 0.876667 0.639566 0.134322 0.206946
0 0.948015 0.642789 0.036063 0.111113
0 0.918949 0.647219 0.047444 0.192876
0 0.827565 0.656252 0.046407 0.164838
0 0.635767 0.621805 0.030829 0.130419
1 0.205740 0.536803 0.044545 0.069945
0 0.359666 0.516992 0.237284 0.545213
0 0.715384 0.598995 0.120928 0.285165
