0 0.816891 0.543025 0.229408 0.226349
1 0.359337 0.599052 0.092083 0.323170
0 0.081216 0.573676 0.162432 0.259370
1 0.426135 0.527138 0.040700 0.178108
1 0.608510 0.590238 0.076962 0.252605
0 0.481411 0.512304 0.039992 0.058630
0 0.540845 0.512923 0.052774 0.069504
0 0.013090 0.670425 0.025931 0.267145
0 0.507734 0.513887 0.032251 0.060444
0 0.290041 0.526233 0.044857 0.089920
0 0.262611 0.525671 0.040951 0.101251
0 0.677265 0.521026 0.082984 0.159319
0 0.165259 0.533061 0.113937 0.165282
0 0.223466 0.531298 0.080697 0.149585
1 0.398767 0.516151 0.014801 0.046235
0 0.046410 0.620553 0.084701 0.140851
