0 0.415195 0.681036 0.115518 0.419431
2 0.953693 0.704741 0.092613 0.242031
2 0.112288 0.596186 0.199826 0.267108
2 0.054404 0.671626 0.108240 0.254876
2 0.878722 0.633692 0.170750 0.176848
2 0.241598 0.588645 0.074987 0.123529
2 0.285655 0.574327 0.078146 0.106144
2 0.691335 0.576990 0.102137 0.119312
2 0.801509 0.589969 0.179664 0.179199
2 0.214812 0.611645 0.038921 0.149096
2 0.484798 0.533932 0.068792 0.071446
2 0.818402 0.614028 0.125021 0.140176
2 0.631951 0.552822 0.077291 0.087891
2 0.230837 0.610694 0.030138 0.104794
2 0.888153 0.669977 0.131828 0.109597
2 0.315115 0.545155 0.108377 0.085177
