0 0.740669 0.602908 0.269393 0.315269
0 0.411328 0.528768 0.156398 0.234462
1 0.312319 0.488095 0.033531 0.247032
0 0.846557 0.436643 0.079509 0.088170
0 0.719539 0.417363 0.047710 0.055869
0 0.772191 0.421445 0.061862 0.061837
1 0.531007 0.498309 0.032813 0.218408
0 0.687935 0.415828 0.033797 0.053421
0 0.643365 0.402971 0.026786 0.041066
0 0.670721 0.408914 0.027293 0.050539
0 0.476341 0.438206 0.047032 0.071490
0 0.537201 0.458533 0.082329 0.125762
0 0.399152 0.403963 0.033292 0.015315
0 0.499182 0.409695 0.033116 0.043254
