0 0.443612 0.821961 0.178797 0.260263
0 0.972896 0.716653 0.052646 0.157124
0 0.475122 0.613524 0.128498 0.189422
0 0.107880 0.892816 0.174491 0.198349
0 0.943870 0.575300 0.110698 0.131446
0 0.337943 0.554501 0.128624 0.132239
0 0.188762 0.699438 0.150823 0.215680
0 0.654391 0.289082 0.068340 0.096375
0 0.245835 0.639994 0.102839 0.144276
0 0.489476 0.462298 0.109749 0.159128
0 0.041644 0.563971 0.082853 0.140574
0 0.295318 0.463407 0.105164 0.121359
0 0.043332 0.970282 0.086330 0.057089
0 0.796338 0.252418 0.074300 0.095404
0 0.310525 0.420747 0.100454 0.133400
0 0.754836 0.640775 0.234375 0.608512
0 0.855283 0.324293 0.130208 0.199111
0 0.115188 0.495808 0.115792 0.149508
0 0.183780 0.407780 0.086496 0.097809
0 0.368629 0.348745 0.080450 0.111083
0 0.338635 0.390663 0.090216 0.132042
0 0.198893 0.351190 0.098121 0.093617
0 0.139834 0.440616 0.089751 0.114576
0 0.508836 0.327088 0.111607 0.148810
0 0.398158 0.307176 0.064174 0.079645
0 0.232143 0.321848 0.068824 0.086631
0 0.272600 0.286916 0.070685 0.072658
