0 0.108341 0.888371 0.215797 0.211913
0 0.845129 0.555707 0.116726 0.176383
0 0.293773 0.783301 0.153947 0.242626
0 0.471704 0.638287 0.137588 0.213239
0 0.666995 0.424679 0.080716 0.141563
0 0.277999 0.644206 0.143588 0.208535
0 0.391406 0.328888 0.121954 0.102619
0 0.268474 0.539776 0.143693 0.185155
0 0.505963 0.955235 0.176844 0.086753
0 0.288813 0.465396 0.126313 0.166033
0 0.652758 0.349380 0.055473 0.051314
0 0.286467 0.261761 0.061774 0.083727
0 0.416739 0.257904 0.059724 0.069429
0 0.390018 0.231709 0.048698 0.077230
0 0.281157 0.137353 0.047195 0.060387
0 0.539603 0.384752 0.159159 0.298463
0 0.284865 0.355570 0.164146 0.127807
0 0.503449 0.180112 0.056100 0.094563
