2 0.107084 0.894643 0.208032 0.204878
2 0.893427 0.595632 0.107316 0.148674
2 0.721888 0.778278 0.133251 0.204224
2 0.621756 0.900504 0.174728 0.189819
2 0.164907 0.958365 0.173156 0.079199
2 0.284793 0.890879 0.120785 0.215249
2 0.527057 0.863516 0.135281 0.191440
2 0.399993 0.692902 0.106480 0.130814
2 0.379337 0.880898 0.185799 0.235563
2 0.822438 0.493240 0.135052 0.116996
2 0.830303 0.560364 0.099622 0.128510
2 0.747482 0.610103 0.098782 0.115369
0 0.472534 0.430692 0.020206 0.079309
2 0.235165 0.780729 0.215510 0.153735
0 0.386607 0.474230 0.026711 0.084883
2 0.976320 0.581643 0.046530 0.093914
0 0.098276 0.647329 0.018490 0.083532
