2 0.875872 0.792349 0.219846 0.269942
2 0.156565 0.829513 0.265250 0.332132
2 0.794828 0.676490 0.155134 0.227170
2 0.374586 0.643673 0.131311 0.187493
2 0.294151 0.712715 0.161934 0.226406
2 0.758487 0.587503 0.124785 0.193781
2 0.414794 0.576503 0.121846 0.176163
2 0.725378 0.493232 0.081052 0.095479
2 0.471899 0.529045 0.081110 0.119433
0 0.256113 0.503587 0.029470 0.115394
2 0.553192 0.412665 0.053290 0.080144
2 0.507117 0.490141 0.085628 0.113604
2 0.521661 0.442523 0.067577 0.087895
2 0.571729 0.361595 0.051610 0.062617
2 0.519507 0.494146 0.060135 0.104153
2 0.522288 0.510604 0.051951 0.073927
