0 0.890829 0.704918 0.214960 0.569870
1 0.443646 0.548469 0.127951 0.384851
0 0.646014 0.519941 0.214274 0.261054
0 0.798346 0.577481 0.246009 0.347589
0 0.361541 0.404578 0.092484 0.129610
1 0.247716 0.400356 0.050120 0.131934
1 0.935919 0.397005 0.047612 0.076577
0 0.638073 0.442519 0.204138 0.222960
0 0.532376 0.442453 0.046595 0.104140
0 0.070515 0.454431 0.140123 0.239284
0 0.489332 0.441043 0.047627 0.089214
0 0.115581 0.463661 0.087660 0.208845
0 0.914369 0.381785 0.167775 0.097367
0 0.141582 0.432124 0.126613 0.160191
0 0.483067 0.365074 0.067078 0.114457
1 0.148731 0.328451 0.024517 0.056299
0 0.324005 0.352447 0.030298 0.055658
