0 0.316132 0.750624 0.379999 0.383185
0 0.125660 0.617160 0.251320 0.233873
0 0.672587 0.530350 0.140428 0.140214
0 0.149646 0.459418 0.142794 0.113107
0 0.453013 0.459418 0.161897 0.100053
0 0.315693 0.530384 0.190706 0.085112
0 0.321729 0.414806 0.082099 0.071344
0 0.537262 0.344263 0.054349 0.052737
0 0.378861 0.444339 0.142634 0.088287
0 0.767155 0.421816 0.104260 0.168368
0 0.604980 0.331044 0.042007 0.046446
0 0.917275 0.298806 0.043438 0.043757
0 0.696511 0.467415 0.092432 0.082724
0 0.762298 0.332224 0.091118 0.058222
0 0.982113 0.300983 0.034211 0.035721
0 0.684253 0.359391 0.121894 0.190050
