2 0.486581 0.864108 0.118743 0.109198
2 0.240310 0.927075 0.132891 0.123489
2 0.151316 0.799454 0.134512 0.115529
2 0.096041 0.551296 0.106189 0.080607
2 0.282938 0.690605 0.097196 0.099373
2 0.022597 0.582980 0.045021 0.076132
2 0.374032 0.814745 0.109890 0.113342
2 0.558037 0.771069 0.090688 0.097768
2 0.231622 0.826827 0.125377 0.102961
2 0.102486 0.912478 0.150938 0.118979
2 0.468847 0.971119 0.106458 0.057763
2 0.027322 0.488995 0.054348 0.086226
2 0.104751 0.980116 0.157709 0.039769
2 0.352198 0.725637 0.102945 0.091283
2 0.533218 0.662859 0.100939 0.094483
2 0.625060 0.683198 0.077995 0.084818
2 0.663469 0.612218 0.067925 0.077136
2 0.373038 0.622951 0.090554 0.085727
2 0.478917 0.739579 0.075509 0.107431
2 0.457525 0.637926 0.086567 0.082969
2 0.444371 0.567208 0.081314 0.071314
