2 0.337840 0.910650 0.117742 0.138336
2 0.758416 0.915444 0.131250 0.157073
2 0.937456 0.880661 0.124040 0.150700
2 0.238504 0.771605 0.087228 0.105010
2 0.058768 0.808098 0.091660 0.108019
2 0.349730 0.666895 0.074797 0.097483
2 0.108789 0.702122 0.073442 0.091568
2 0.224906 0.641083 0.064320 0.076526
2 0.907057 0.671161 0.081328 0.077619
2 0.686445 0.668278 0.075958 0.100831
2 0.790672 0.776379 0.093425 0.107618
2 0.796982 0.711801 0.087930 0.092938
2 0.521186 0.616155 0.060039 0.072718
2 0.569788 0.676319 0.074398 0.082100
2 0.119548 0.653349 0.066520 0.070395
2 0.269591 0.540968 0.054976 0.075105
2 0.743884 0.569479 0.053594 0.057656
2 0.707165 0.603008 0.057867 0.056939
2 0.231368 0.495804 0.041475 0.046376
2 0.050675 0.503794 0.053238 0.068744
2 0.484256 0.569063 0.048592 0.063891
2 0.533965 0.528753 0.043951 0.047423
2 0.571766 0.484767 0.044390 0.051954
2 0.635198 0.609926 0.031293 0.067595
2 0.993030 0.601652 0.013118 0.037265
