0 0.312258 0.838229 0.197124 0.128378
0 0.360205 0.651376 0.113931 0.070200
0 0.124154 0.488462 0.056650 0.026765
0 0.526589 0.568098 0.071880 0.040186
0 0.103652 0.474072 0.041887 0.018540
0 0.022895 0.495954 0.045790 0.031111
0 0.710006 0.466114 0.029014 0.015978
0 0.214250 0.443375 0.031452 0.011734
0 0.371370 0.468575 0.038405 0.018939
0 0.752525 0.452266 0.021044 0.012977
0 0.565499 0.454896 0.026831 0.009820
0 0.513152 0.437184 0.021044 0.010873
0 0.973020 0.461102 0.021531 0.010633
0 0.992823 0.466596 0.012228 0.010987
0 0.789341 0.454457 0.011430 0.006202
0 0.587852 0.429382 0.019405 0.009924
0 0.620946 0.428673 0.016481 0.009215
0 0.251769 0.443111 0.030262 0.012359
0 0.326129 0.460514 0.033125 0.018448
0 0.137195 0.437476 0.034215 0.012359
0 0.020100 0.464785 0.039941 0.022810
