0 0.507921 0.807752 0.141802 0.157416
0 0.192671 0.755584 0.229831 0.296943
0 0.634528 0.825177 0.100212 0.110448
0 0.596758 0.602450 0.092179 0.160169
0 0.778702 0.667301 0.075817 0.101505
0 0.845741 0.644356 0.064265 0.097237
0 0.664899 0.629253 0.052977 0.074479
1 0.041791 0.798545 0.046660 0.205135
0 0.727479 0.644283 0.054734 0.103869
0 0.849712 0.566627 0.053854 0.053598
0 0.662162 0.542881 0.037037 0.068129
0 0.868619 0.508416 0.032533 0.068129
0 0.720971 0.568529 0.052553 0.056907
0 0.766016 0.561717 0.046547 0.062518
