0 0.876714 0.765661 0.240597 0.341960
0 0.682280 0.718680 0.163094 0.268708
0 0.349994 0.719440 0.142674 0.235164
0 0.563534 0.660457 0.080494 0.144750
0 0.182667 0.662612 0.069507 0.113945
0 0.242547 0.646805 0.080198 0.121917
0 0.417277 0.637012 0.055671 0.095461
0 0.971336 0.514911 0.051068 0.079354
0 0.446167 0.521000 0.036000 0.068000
1 0.447833 0.525333 0.011667 0.065333
1 0.461250 0.525500 0.012500 0.071667
1 0.485750 0.524000 0.013833 0.087333
1 0.704250 0.523000 0.009833 0.078667
1 0.695750 0.525000 0.010500 0.082000
1 0.630833 0.525500 0.013000 0.087667
1 0.641500 0.539333 0.009667 0.078667
1 0.671083 0.528833 0.015833 0.095667
1 0.681833 0.528333 0.012333 0.093333
1 0.650500 0.530000 0.013333 0.101333
1 0.660500 0.532000 0.012667 0.094000
