0 0.208356 0.833177 0.083048 0.103256
0 0.058722 0.638956 0.050871 0.063478
0 0.411861 0.820283 0.062763 0.094077
0 0.305578 0.875428 0.093557 0.169689
0 0.159262 0.643822 0.058956 0.075055
0 0.362090 0.661415 0.047854 0.065140
0 0.606257 0.777236 0.057805 0.115758
0 0.466643 0.632551 0.038716 0.052993
0 0.538316 0.713934 0.055277 0.098149
0 0.422792 0.579747 0.037810 0.069388
0 0.546428 0.603928 0.031986 0.043100
0 0.285819 0.556657 0.029981 0.040414
0 0.211031 0.572594 0.033378 0.040410
0 0.493597 0.571421 0.027831 0.050562
0 0.514633 0.556743 0.025220 0.035954
0 0.370452 0.565838 0.032094 0.043341
0 0.471920 0.553769 0.021998 0.034745
1 0.919237 0.219573 0.063947 0.191839
0 0.554669 0.557428 0.022927 0.031479
0 0.540884 0.516243 0.019179 0.029219
0 0.552360 0.572157 0.028318 0.041059
0 0.387781 0.525783 0.026153 0.043112
0 0.392965 0.502331 0.018850 0.026809
0 0.434517 0.500000 0.022620 0.037299
0 0.470086 0.497669 0.016719 0.027392
0 0.535323 0.498252 0.018358 0.027392
0 0.618263 0.486741 0.015408 0.020689
0 0.569253 0.485430 0.016063 0.019815
0 0.529177 0.462846 0.012621 0.018358
0 0.488854 0.483827 0.014916 0.025935
0 0.496722 0.476397 0.010982 0.020981
0 0.481806 0.474065 0.009999 0.023312
0 0.466562 0.469986 0.017211 0.022729
0 0.492460 0.457747 0.014588 0.025060
0 0.509835 0.460078 0.011966 0.019232
