0 0.356788 0.862802 0.094230 0.094424
0 0.838571 0.741435 0.069378 0.082484
0 0.684655 0.883331 0.099890 0.099517
0 0.293778 0.946567 0.109380 0.101927
0 0.043241 0.679930 0.074868 0.063849
0 0.411470 0.790200 0.088618 0.087595
0 0.220330 0.642458 0.076708 0.083901
0 0.472233 0.705840 0.068317 0.065593
0 0.147691 0.589349 0.067416 0.068898
0 0.726571 0.671946 0.060050 0.065612
0 0.702100 0.791406 0.080466 0.098938
0 0.608320 0.684706 0.059043 0.065254
0 0.310209 0.596006 0.058108 0.065468
0 0.184613 0.547435 0.052384 0.053589
0 0.831728 0.686141 0.071911 0.083894
0 0.283960 0.536713 0.044098 0.048709
0 0.502034 0.659629 0.063919 0.061517
0 0.529758 0.938538 0.123972 0.117986
0 0.026039 0.641228 0.051682 0.073306
0 0.674654 0.591268 0.050052 0.051474
0 0.374542 0.569102 0.048034 0.053933
0 0.407723 0.544664 0.048666 0.055619
0 0.336639 0.546430 0.041081 0.046216
0 0.340009 0.514336 0.040118 0.041937
0 0.433885 0.506633 0.036588 0.039369
0 0.471757 0.494651 0.037230 0.041937
0 0.511714 0.501284 0.036909 0.038941
0 0.524873 0.467478 0.043328 0.066329
0 0.565794 0.476678 0.042365 0.050495
0 0.645388 0.639932 0.060980 0.063761
0 0.555203 0.605484 0.059696 0.064189
0 0.598691 0.584088 0.052314 0.064189
0 0.614256 0.557984 0.042365 0.045360
0 0.769112 0.589437 0.059375 0.069752
0 0.782431 0.544932 0.045574 0.050067
0 0.696418 0.550495 0.053919 0.071464
0 0.641697 0.528671 0.043328 0.044076
0 0.798639 0.520968 0.050388 0.054347
0 0.715675 0.526745 0.042365 0.048784
0 0.746004 0.499144 0.036267 0.034662
0 0.808588 0.474324 0.050388 0.085157
0 0.763014 0.488018 0.022145 0.026959
0 0.727710 0.486092 0.029848 0.028243
0 0.679729 0.499786 0.037230 0.036802
0 0.706368 0.486734 0.017973 0.030383
