0 0.225602 0.782514 0.069632 0.099150
0 0.925004 0.928742 0.096695 0.123569
0 0.196576 0.707145 0.064518 0.080241
0 0.061463 0.778005 0.122292 0.223596
0 0.643703 0.947602 0.103488 0.098700
0 0.814500 0.960977 0.109460 0.073530
0 0.883038 0.782904 0.115292 0.221306
0 0.328786 0.756776 0.073543 0.096747
0 0.334896 0.824579 0.082612 0.116461
0 0.648323 0.694451 0.054349 0.064759
0 0.196648 0.625634 0.041659 0.050292
0 0.298487 0.672041 0.050915 0.054438
0 0.740873 0.623866 0.040990 0.053535
0 0.671357 0.651238 0.064376 0.082345
0 0.431797 0.634287 0.037865 0.049431
0 0.369526 0.612867 0.038321 0.051078
0 0.454836 0.574558 0.030109 0.053550
0 0.395301 0.548195 0.032391 0.050255
0 0.470575 0.532954 0.035128 0.051078
0 0.422673 0.520596 0.027828 0.051078
0 0.380931 0.514417 0.031934 0.043664
0 0.705862 0.556639 0.031250 0.050666
