0 0.589555 0.793394 0.156634 0.151002
0 0.808719 0.776660 0.148321 0.148286
0 0.326890 0.813819 0.164781 0.161308
0 0.176828 0.732158 0.122650 0.131663
0 0.679066 0.738881 0.129697 0.127663
0 0.743705 0.926980 0.219558 0.143296
0 0.194575 0.644148 0.097249 0.089841
0 0.081573 0.676440 0.110453 0.127694
0 0.462981 0.741242 0.139151 0.164719
0 0.945883 0.824688 0.106281 0.215756
0 0.896521 0.648512 0.113367 0.103305
0 0.238780 0.589899 0.077898 0.093088
0 0.945883 0.824688 0.106281 0.215756
0 0.550407 0.574210 0.070238 0.075254
0 0.742879 0.607074 0.099974 0.113403
0 0.990408 0.648154 0.017230 0.088203
