0 0.306216 0.890674 0.092749 0.147876
0 0.606534 0.807905 0.061126 0.101112
0 0.411684 0.843448 0.065802 0.082565
0 0.208495 0.856051 0.083230 0.088955
0 0.157300 0.694492 0.062610 0.065542
0 0.362048 0.709568 0.047840 0.056857
0 0.466510 0.683870 0.038883 0.046864
0 0.059912 0.689055 0.053038 0.056476
0 0.537866 0.753194 0.053226 0.081611
0 0.422275 0.639289 0.037242 0.058868
0 0.546805 0.657400 0.031876 0.042396
0 0.493056 0.630677 0.031010 0.043678
1 0.919076 0.330223 0.062406 0.164060
0 0.471914 0.616979 0.024124 0.030319
0 0.553986 0.626169 0.028672 0.043104
