0 0.808304 0.915501 0.106710 0.108180
0 0.418939 0.800943 0.080787 0.091405
0 0.516458 0.769528 0.076101 0.081490
0 0.583869 0.885891 0.096230 0.103924
0 0.713457 0.792334 0.085159 0.097032
2 0.191778 0.685558 0.023733 0.048899
0 0.554588 0.711586 0.065184 0.069705
1 0.191983 0.667671 0.024630 0.051982
0 0.429314 0.655659 0.053929 0.059976
0 0.570333 0.655616 0.057277 0.061119
0 0.315547 0.634208 0.047685 0.055421
0 0.293475 0.840738 0.095662 0.112785
0 0.517121 0.680106 0.052548 0.059528
0 0.631414 0.737672 0.077374 0.106659
0 0.387443 0.629392 0.045261 0.052624
0 0.980159 0.670376 0.038119 0.055107
0 0.631414 0.737672 0.077374 0.106659
0 0.494008 0.609797 0.044956 0.048541
0 0.273561 0.481676 0.044170 0.065130
0 0.654962 0.618704 0.047218 0.050366
0 0.915522 0.586939 0.038633 0.041781
0 0.580701 0.508814 0.033482 0.045788
0 0.611607 0.500801 0.030048 0.056090
0 0.659684 0.499084 0.033482 0.033196
0 0.244806 0.565476 0.036487 0.041209
0 0.263908 0.548592 0.035199 0.036058
0 0.292668 0.580071 0.050652 0.080701
0 0.331731 0.567193 0.036916 0.054945
0 0.395046 0.595238 0.043355 0.049222
0 0.402558 0.576637 0.036058 0.037202
0 0.473171 0.582647 0.045931 0.045788
0 0.350404 0.540293 0.038204 0.042353
0 0.204026 0.477621 0.034770 0.050939
0 0.345038 0.460165 0.050652 0.089286
0 0.417797 0.533997 0.036487 0.044643
0 0.552155 0.449004 0.027043 0.031479
0 0.515453 0.443567 0.027473 0.027473
0 0.486693 0.437843 0.030907 0.030907
0 0.449133 0.427255 0.027902 0.029190
0 0.458577 0.550309 0.048506 0.069254
0 0.425953 0.513107 0.031336 0.029190
0 0.414148 0.497940 0.034341 0.035485
0 0.408139 0.482200 0.031765 0.033768
0 0.299322 0.439274 0.026185 0.031479
0 0.376374 0.441850 0.024897 0.032051
0 0.178915 0.418098 0.027473 0.024611
0 0.229567 0.440991 0.029190 0.041781
