1 0.297582 0.890301 0.040272 0.184054
1 0.174530 0.893328 0.037467 0.152964
0 0.332794 0.910021 0.169646 0.138446
2 0.215682 0.917271 0.069103 0.102206
0 0.948693 0.924953 0.100532 0.146299
1 0.324387 0.936974 0.035765 0.089071
2 0.674654 0.937607 0.023455 0.062492
0 0.866813 0.924834 0.044994 0.063809
0 0.595255 0.913007 0.090946 0.111104
2 0.445591 0.930213 0.062122 0.075841
2 0.098861 0.906613 0.051447 0.103745
1 0.673147 0.912346 0.021192 0.078155
2 0.057403 0.904927 0.030319 0.092109
1 0.887370 0.932451 0.017206 0.070310
