0 0.867350 0.862882 0.145219 0.132158
0 0.268219 0.779622 0.105669 0.109293
0 0.348306 0.686992 0.085013 0.096811
0 0.180549 0.742507 0.120058 0.097707
0 0.729507 0.679478 0.084658 0.080153
0 0.880851 0.737866 0.103283 0.089481
0 0.392873 0.615874 0.056744 0.052961
0 0.691159 0.630604 0.056007 0.051632
0 0.781681 0.634594 0.062814 0.053284
0 0.331181 0.594496 0.049689 0.045609
0 0.898729 0.693164 0.100359 0.075740
0 0.397472 0.529130 0.046807 0.062580
0 0.414683 0.577042 0.043957 0.041468
0 0.729724 0.586112 0.047940 0.039482
0 0.911706 0.658574 0.085925 0.058840
0 0.652843 0.571179 0.041229 0.037684
0 0.844639 0.614347 0.062098 0.044436
