0 0.690922 0.820670 0.076914 0.151771
0 0.919611 0.785631 0.077209 0.145672
0 0.765279 0.766997 0.069204 0.137761
0 0.196619 0.925706 0.108042 0.141707
0 0.775994 0.681971 0.072369 0.163698
0 0.368912 0.722062 0.067874 0.093808
0 0.687807 0.559533 0.048951 0.101872
0 0.644266 0.750081 0.069832 0.136209
0 0.645074 0.675469 0.078474 0.120371
0 0.619109 0.603958 0.059792 0.111510
0 0.228257 0.715055 0.067304 0.073004
0 0.537086 0.358171 0.039856 0.081580
0 0.370992 0.631533 0.062111 0.107562
0 0.627113 0.415069 0.041994 0.079096
0 0.637416 0.462134 0.043158 0.078140
0 0.754031 0.442481 0.068567 0.216354
