0 0.343675 0.686279 0.094474 0.077284
0 0.153012 0.467057 0.054310 0.072158
0 0.410948 0.552563 0.073791 0.082050
0 0.035763 0.496022 0.061866 0.077939
0 0.647872 0.725944 0.104884 0.132280
0 0.799613 0.680423 0.080835 0.086188
0 0.630718 0.524829 0.063433 0.051475
0 0.192710 0.302331 0.046576 0.056802
0 0.528256 0.585489 0.074265 0.060906
0 0.475818 0.798319 0.172061 0.385401
0 0.509998 0.433901 0.046038 0.052459
0 0.567197 0.391934 0.036737 0.044066
0 0.175642 0.381092 0.038597 0.047563
0 0.215169 0.402775 0.038597 0.041967
