0 0.498883 0.659757 0.103140 0.161824
0 0.647598 0.433975 0.064105 0.081907
0 0.537493 0.493678 0.075707 0.097371
0 0.666027 0.581446 0.082993 0.115922
0 0.020867 0.811920 0.041561 0.182964
0 0.052859 0.731231 0.096181 0.110746
0 0.019600 0.605680 0.039066 0.108665
0 0.644183 0.290437 0.041012 0.058578
0 0.302179 0.302426 0.046052 0.060308
0 0.360655 0.233974 0.036585 0.044971
0 0.331915 0.274030 0.035549 0.036024
0 0.376013 0.196488 0.043829 0.066497
0 0.417859 0.183934 0.027906 0.036450
0 0.146692 0.517706 0.087267 0.144598
0 0.740110 0.304128 0.073138 0.129106
0 0.852437 0.578146 0.121852 0.313619
0 0.919852 0.766385 0.158734 0.464456
0 0.122785 0.305929 0.097948 0.237026
0 0.230644 0.226230 0.072295 0.195624
0 0.637593 0.210187 0.050140 0.132486
0 0.592701 0.234511 0.034981 0.065208
0 0.707847 0.215362 0.055387 0.134556
