0 0.816657 0.907861 0.117408 0.145969
0 0.497823 0.708436 0.071810 0.078244
0 0.894632 0.743105 0.092218 0.095649
0 0.676194 0.593985 0.053550 0.061731
0 0.915405 0.689476 0.074741 0.078280
0 0.947378 0.648283 0.062673 0.074611
0 0.762672 0.592808 0.055371 0.066534
0 0.944862 0.602244 0.055587 0.066472
0 0.334519 0.597743 0.044735 0.051100
0 0.627393 0.441414 0.022407 0.028423
0 0.588586 0.505856 0.042343 0.059614
0 0.445639 0.503941 0.033950 0.023014
0 0.380170 0.481888 0.030137 0.028566
0 0.404338 0.741614 0.074450 0.094489
0 0.548596 0.447171 0.025249 0.031552
0 0.585103 0.461992 0.028927 0.024239
0 0.261207 0.655529 0.097191 0.205615
0 0.243071 0.494522 0.055339 0.131733
0 0.682292 0.526932 0.053943 0.087822
0 0.701125 0.459323 0.050688 0.093398
0 0.748326 0.361046 0.018601 0.043214
0 0.667411 0.452702 0.040923 0.095489
