0 0.909299 0.554111 0.179839 0.355600
0 0.311558 0.524671 0.099371 0.128850
0 0.463950 0.469930 0.062959 0.099959
0 0.549588 0.490406 0.137472 0.149195
0 0.012800 0.775948 0.025284 0.355638
0 0.124508 0.438789 0.029279 0.035895
0 0.411722 0.466195 0.052077 0.063966
0 0.798945 0.404339 0.102462 0.110252
0 0.350321 0.468631 0.037127 0.075911
0 0.052137 0.439108 0.028441 0.034135
0 0.811427 0.490458 0.083360 0.148500
0 0.309164 0.448616 0.048224 0.035962
0 0.763173 0.298949 0.071061 0.094985
0 0.684009 0.441030 0.129654 0.304743
0 0.169963 0.419659 0.068983 0.098943
0 0.378158 0.425199 0.064827 0.143269
