0 0.430545 0.611967 0.116457 0.143641
0 0.357170 0.915780 0.182063 0.166078
0 0.166172 0.641448 0.119220 0.163694
0 0.138474 0.448347 0.079878 0.097678
0 0.421508 0.492912 0.092831 0.121134
0 0.019244 0.597930 0.038278 0.142911
0 0.428147 0.411070 0.066306 0.076451
0 0.335963 0.439063 0.056308 0.091454
0 0.455812 0.360266 0.061300 0.092170
0 0.359552 0.329966 0.048991 0.063017
0 0.479949 0.328881 0.044272 0.062697
0 0.398538 0.294999 0.039935 0.065879
0 0.272368 0.451158 0.088821 0.128605
0 0.263532 0.333446 0.047898 0.064654
0 0.355143 0.271954 0.034877 0.042868
