0 0.863682 0.914199 0.101244 0.146156
0 0.168300 0.770076 0.090725 0.098829
0 0.218024 0.910346 0.124923 0.174756
0 0.327609 0.785933 0.084945 0.110403
0 0.038929 0.923011 0.077359 0.150530
0 0.899047 0.881368 0.080220 0.128156
0 0.648633 0.745817 0.086660 0.143985
0 0.346742 0.604990 0.067436 0.082058
0 0.434798 0.896183 0.115579 0.158522
0 0.138615 0.611222 0.064556 0.087779
0 0.261548 0.677257 0.093378 0.137761
0 0.399952 0.555703 0.058703 0.076851
0 0.079349 0.581482 0.061941 0.082798
0 0.734020 0.677073 0.069847 0.117948
0 0.240192 0.498028 0.045309 0.060950
0 0.407356 0.662841 0.073187 0.110102
0 0.858197 0.775149 0.095477 0.154781
0 0.633767 0.768581 0.070812 0.049381
0 0.699108 0.574729 0.054552 0.074983
0 0.623816 0.870166 0.108648 0.177780
0 0.746849 0.618645 0.053809 0.074258
0 0.714073 0.533644 0.045051 0.061978
0 0.164812 0.493167 0.048422 0.065675
0 0.720884 0.438415 0.042759 0.057466
0 0.720231 0.496362 0.059917 0.070753
0 0.438684 0.414899 0.041851 0.057775
0 0.811563 0.750256 0.031947 0.096210
0 0.219466 0.469764 0.039428 0.055084
0 0.647645 0.462488 0.025843 0.046334
0 0.660484 0.432065 0.038383 0.056473
0 0.683894 0.632581 0.054831 0.060628
0 0.245936 0.446297 0.044798 0.068001
0 0.354471 0.436728 0.043218 0.067919
0 0.052984 0.536819 0.054438 0.093657
0 0.134018 0.469258 0.041140 0.062915
