0 0.933256 0.903137 0.131925 0.185836
0 0.809825 0.851702 0.128936 0.159592
0 0.884047 0.874008 0.153941 0.179716
0 0.356639 0.390049 0.043491 0.049185
0 0.177648 0.497696 0.048900 0.052682
0 0.168125 0.414669 0.040013 0.035645
0 0.702351 0.462872 0.059345 0.057816
0 0.893623 0.524998 0.065529 0.068774
0 0.755194 0.837372 0.111792 0.150759
0 0.004660 0.564485 0.009217 0.038117
0 0.465104 0.818674 0.194792 0.271553
0 0.325521 0.706632 0.179167 0.337871
0 0.247917 0.470332 0.089583 0.193368
0 0.729167 0.427051 0.059375 0.097033
0 0.963672 0.528970 0.071094 0.155672
0 0.029687 0.423211 0.059375 0.175916
0 0.396875 0.350611 0.068750 0.107504
0 0.498765 0.328108 0.080125 0.091150
0 0.579772 0.315887 0.071301 0.084369
0 0.725296 0.341171 0.050172 0.046752
0 0.189571 0.372258 0.051851 0.079875
0 0.132847 0.395638 0.028014 0.041978
0 0.161905 0.363979 0.041063 0.071479
0 0.324467 0.351966 0.048320 0.078080
0 0.222747 0.317919 0.087383 0.118331
0 0.087834 0.384953 0.078577 0.136186
