0 0.648751 0.929244 0.102508 0.109439
0 0.429966 0.866956 0.095598 0.126252
0 0.689006 0.718137 0.069089 0.086184
0 0.414624 0.694044 0.063583 0.072328
0 0.812897 0.669512 0.058505 0.075020
0 0.311646 0.706224 0.063048 0.076922
0 0.635486 0.598425 0.051069 0.066760
0 0.361857 0.591577 0.049524 0.057415
0 0.688027 0.590403 0.047137 0.065698
0 0.521131 0.565813 0.044622 0.058758
0 0.260010 0.507475 0.037902 0.037997
0 0.579200 0.563845 0.041457 0.053235
0 0.314725 0.529009 0.036797 0.044346
0 0.280768 0.602857 0.052084 0.046679
0 0.173399 0.598193 0.044700 0.036930
0 0.477709 0.529454 0.039726 0.054000
0 0.547352 0.527680 0.035573 0.046234
0 0.184602 0.666576 0.070144 0.111978
0 0.592658 0.489567 0.047883 0.100154
0 0.318800 0.488524 0.034442 0.049382
0 0.182922 0.554598 0.043263 0.050773
