0 0.482219 0.654273 0.261280 0.263188
0 0.590837 0.565214 0.185477 0.188838
0 0.727098 0.570847 0.127740 0.134430
0 0.404636 0.465797 0.084957 0.112955
0 0.466541 0.479796 0.098036 0.093516
0 0.857061 0.649673 0.284315 0.304866
0 0.121117 0.385397 0.044108 0.055793
0 0.074167 0.370455 0.032628 0.036192
0 0.094545 0.375859 0.029249 0.042903
0 0.054155 0.359153 0.024667 0.033736
0 0.134592 0.415498 0.037618 0.074439
0 0.012853 0.343133 0.022192 0.029058
0 0.179748 0.422102 0.040302 0.086975
0 0.062944 0.364451 0.014007 0.036211
0 0.260045 0.428125 0.123698 0.171663
