0 0.224624 0.693321 0.239511 0.298941
0 0.165613 0.485321 0.113553 0.143618
0 0.417497 0.458314 0.106644 0.144551
0 0.226788 0.429164 0.106454 0.152295
0 0.985784 0.549284 0.026870 0.181044
0 0.843075 0.612512 0.201283 0.207478
0 0.859634 0.699272 0.156807 0.146367
0 0.657242 0.366543 0.063024 0.081723
0 0.684472 0.408444 0.077360 0.114957
0 0.763718 0.465298 0.139604 0.162271
0 0.957473 0.436759 0.083492 0.157138
0 0.298658 0.348132 0.079118 0.124307
0 0.320188 0.256964 0.075216 0.091684
0 0.656167 0.290800 0.072307 0.093867
