0 0.194393 0.710740 0.093826 0.114931
0 0.376111 0.740349 0.106804 0.130748
0 0.500510 0.894750 0.136283 0.168632
0 0.665979 0.462907 0.055659 0.069606
0 0.915089 0.655357 0.094893 0.110267
0 0.879183 0.571367 0.082293 0.105500
0 0.938015 0.451181 0.058013 0.068722
0 0.162232 0.620575 0.070124 0.090683
0 0.604787 0.401551 0.055183 0.079924
0 0.727804 0.498975 0.060913 0.077741
0 0.215927 0.843070 0.124330 0.099331
0 0.493302 0.354727 0.042807 0.054307
0 0.254790 0.503415 0.057300 0.073480
0 0.135613 0.484755 0.055289 0.076663
0 0.164400 0.576290 0.074598 0.070438
0 0.991649 0.586241 0.015139 0.087121
0 0.314425 0.449618 0.048385 0.064263
0 0.117198 0.452911 0.050435 0.070100
0 0.746248 0.579804 0.078626 0.090550
0 0.887445 0.378410 0.091751 0.169108
0 0.456850 0.303290 0.053597 0.126481
0 0.286973 0.385747 0.053597 0.071976
0 0.192951 0.355350 0.068132 0.163517
