0 0.660542 0.929393 0.107969 0.113495
0 0.431604 0.865297 0.101051 0.135698
0 0.703413 0.707493 0.072760 0.090676
0 0.415764 0.677012 0.064958 0.071248
0 0.307251 0.690165 0.066517 0.074419
0 0.831965 0.651737 0.062715 0.079834
0 0.701378 0.568730 0.049286 0.070077
0 0.647712 0.576942 0.055969 0.072502
0 0.360266 0.568968 0.051254 0.059758
0 0.274270 0.589548 0.054433 0.062193
0 0.587859 0.540048 0.042662 0.055783
0 0.526671 0.542229 0.049753 0.067462
0 0.252795 0.486302 0.040049 0.053240
0 0.309875 0.502822 0.040035 0.047747
0 0.162908 0.577767 0.047320 0.040609
0 0.554563 0.507387 0.037816 0.058868
0 0.171626 0.644395 0.073969 0.111429
0 0.479655 0.498090 0.039062 0.046466
0 0.458120 0.469790 0.033679 0.052785
0 0.315956 0.460816 0.035056 0.054263
0 0.169431 0.489221 0.059433 0.108716
