0 0.686987 0.591409 0.072238 0.090734
0 0.896145 0.723807 0.093163 0.117297
0 0.746421 0.708235 0.101148 0.168612
0 0.270122 0.570492 0.071018 0.092530
0 0.684956 0.455119 0.057069 0.074723
0 0.402809 0.578838 0.064587 0.084883
0 0.246437 0.838733 0.104181 0.123076
0 0.800579 0.545340 0.075196 0.112413
0 0.683851 0.328747 0.043122 0.062654
0 0.755017 0.332530 0.042042 0.065586
0 0.334135 0.350972 0.043691 0.058194
0 0.779730 0.251093 0.033769 0.057686
0 0.621027 0.210749 0.032343 0.061510
0 0.667855 0.194227 0.029463 0.039524
0 0.705583 0.250003 0.034187 0.040022
0 0.483073 0.333240 0.041875 0.034142
0 0.315556 0.180138 0.025478 0.028901
0 0.488643 0.159112 0.026923 0.046189
0 0.405116 0.201524 0.026390 0.025161
0 0.095416 0.640156 0.085903 0.144536
0 0.202690 0.426272 0.119427 0.233594
0 0.869594 0.333929 0.074589 0.165706
