0 0.861229 0.821503 0.078384 0.078873
0 0.547975 0.891394 0.102258 0.126719
0 0.334854 0.858272 0.096149 0.109568
0 0.510602 0.822446 0.091893 0.112366
0 0.637963 0.736753 0.056849 0.074658
0 0.209894 0.816400 0.065825 0.089680
0 0.923745 0.605943 0.035195 0.036257
0 0.445111 0.745767 0.058044 0.063073
0 0.349688 0.794946 0.069348 0.086290
0 0.146898 0.870455 0.110531 0.148254
0 0.325621 0.701651 0.049852 0.072921
0 0.599841 0.817499 0.070969 0.077490
0 0.411596 0.717790 0.049976 0.060440
0 0.327291 0.751326 0.052948 0.055229
0 0.219118 0.775356 0.057894 0.061704
0 0.592617 0.614098 0.039599 0.051789
0 0.548302 0.737259 0.074930 0.075407
0 0.499149 0.673919 0.048937 0.062218
0 0.331683 0.646303 0.042237 0.045433
0 0.422582 0.675837 0.052362 0.063308
0 0.262281 0.632943 0.040683 0.063752
0 0.297263 0.665937 0.037750 0.043198
0 0.740039 0.547919 0.028437 0.029376
0 0.993075 0.635869 0.012288 0.041228
0 0.379926 0.584781 0.031207 0.035722
0 0.237258 0.715626 0.071615 0.106068
