0 0.215171 0.613711 0.078037 0.094724
0 0.486080 0.841958 0.112910 0.118382
0 0.180371 0.539007 0.069192 0.074315
0 0.070103 0.641859 0.084090 0.096708
0 0.704068 0.794423 0.116145 0.140759
0 0.515048 0.739541 0.107575 0.145575
0 0.111787 0.753797 0.121408 0.166023
0 0.802772 0.534652 0.061303 0.080863
0 0.517348 0.386017 0.041354 0.047735
0 0.832420 0.407149 0.054335 0.071799
0 0.893354 0.331138 0.034422 0.041934
0 0.818790 0.328829 0.032936 0.042264
0 0.885150 0.739273 0.107344 0.135314
0 0.679243 0.306139 0.029736 0.040422
0 0.530981 0.597184 0.084411 0.123053
0 0.696884 0.544746 0.104616 0.279666
0 0.349138 0.451758 0.093391 0.187376
0 0.305136 0.375199 0.093391 0.153117
0 0.419406 0.327656 0.050736 0.119557
0 0.497531 0.326607 0.047144 0.110468
0 0.779050 0.288503 0.061512 0.104175
