0 0.826356 0.883978 0.069571 0.085760
0 0.348349 0.922344 0.084549 0.120881
0 0.544444 0.944758 0.091836 0.107707
0 0.178933 0.926784 0.106692 0.142380
0 0.591235 0.879238 0.060161 0.081733
0 0.625403 0.791367 0.051000 0.076608
0 0.450160 0.804673 0.052053 0.073682
0 0.509119 0.882279 0.080756 0.118466
0 0.238293 0.874942 0.058866 0.093598
0 0.884908 0.651388 0.032264 0.039059
0 0.363601 0.854059 0.061056 0.090134
0 0.343219 0.808198 0.048633 0.060759
0 0.419066 0.773293 0.043477 0.067393
0 0.342614 0.752124 0.044363 0.076509
0 0.315648 0.719405 0.036407 0.053007
0 0.245718 0.833875 0.054664 0.067473
0 0.428530 0.728995 0.050208 0.067667
0 0.346569 0.698836 0.039989 0.054101
0 0.261241 0.768634 0.065438 0.112648
0 0.583880 0.661014 0.035241 0.055158
0 0.542796 0.808126 0.067225 0.109273
0 0.285078 0.683902 0.036419 0.067045
0 0.498326 0.725794 0.041891 0.066477
