0 0.197033 0.650500 0.153085 0.156847
0 0.059214 0.399650 0.090213 0.086750
0 0.741204 0.808367 0.170234 0.186083
0 0.397952 0.718252 0.180045 0.247721
0 0.280950 0.534157 0.120055 0.122061
0 0.704955 0.716991 0.154520 0.177834
0 0.468663 0.641814 0.118542 0.159815
0 0.347795 0.464581 0.104094 0.120555
0 0.942786 0.620722 0.112865 0.140943
0 0.485506 0.547310 0.120178 0.142947
0 0.733730 0.608462 0.160729 0.132001
0 0.404259 0.417608 0.078972 0.085006
0 0.069723 0.332118 0.067717 0.054291
0 0.896764 0.504467 0.098346 0.110034
0 0.023838 0.300348 0.047513 0.045355
0 0.987682 0.743167 0.023073 0.151208
0 0.553751 0.455426 0.079368 0.101701
0 0.238739 0.305301 0.052499 0.057232
0 0.866418 0.442724 0.081516 0.100113
0 0.435612 0.386960 0.078819 0.095415
0 0.502050 0.469725 0.100242 0.092054
0 0.922866 0.461150 0.084721 0.068079
0 0.696628 0.977520 0.154786 0.042857
0 0.589892 0.367487 0.074931 0.099613
0 0.549309 0.412120 0.106170 0.091529
0 0.956271 0.539701 0.085896 0.090207
0 0.724532 0.403053 0.076934 0.065023
0 0.893994 0.399230 0.070259 0.057889
0 0.285888 0.290966 0.050781 0.047694
0 0.459447 0.344837 0.057572 0.070653
0 0.612749 0.314768 0.051195 0.079049
0 0.499219 0.286540 0.072396 0.101647
