0 0.578160 0.712194 0.145056 0.188289
0 0.205016 0.533991 0.109430 0.127956
0 0.756903 0.686029 0.142455 0.177395
0 0.054872 0.610702 0.109366 0.133602
0 0.526903 0.465120 0.096980 0.118798
0 0.389927 0.830111 0.159364 0.178245
0 0.747151 0.250355 0.067242 0.079964
0 0.228362 0.921462 0.204187 0.154569
0 0.400048 0.509080 0.113384 0.151493
0 0.876743 0.266690 0.066155 0.079357
0 0.152405 0.438169 0.099321 0.120442
0 0.388880 0.290419 0.077275 0.088682
0 0.704885 0.203457 0.054671 0.067359
0 0.605080 0.212516 0.061113 0.072623
0 0.906758 0.220703 0.060197 0.071227
0 0.014550 0.205049 0.029050 0.072680
0 0.290534 0.336652 0.081539 0.112341
0 0.569917 0.146147 0.046560 0.058369
0 0.123639 0.246875 0.077686 0.157500
0 0.250702 0.190273 0.093048 0.149766
0 0.350334 0.150898 0.057935 0.111797
0 0.779802 0.137187 0.096998 0.185625
0 0.146024 0.143164 0.067152 0.137110
