0 0.082902 0.710408 0.138553 0.172566
0 0.798534 0.766120 0.150629 0.190502
0 0.308903 0.635108 0.114751 0.170323
0 0.089503 0.460588 0.095984 0.111825
0 0.161032 0.263740 0.060585 0.070949
0 0.295765 0.508632 0.105797 0.097648
0 0.782425 0.205847 0.062939 0.073212
0 0.831971 0.069614 0.055175 0.065392
0 0.297043 0.230085 0.061831 0.069563
0 0.694800 0.301329 0.073872 0.095621
0 0.419879 0.118915 0.047143 0.046070
0 0.398546 0.042255 0.038915 0.037479
0 0.644997 0.364039 0.107993 0.181472
0 0.516397 0.074432 0.044367 0.043540
