0 0.166281 0.628983 0.084372 0.104226
0 0.645590 0.790875 0.059775 0.070897
0 0.888965 0.708054 0.045599 0.062547
0 0.060130 0.894522 0.105792 0.099644
0 0.597801 0.714195 0.045719 0.054111
0 0.775404 0.728093 0.043675 0.053852
0 0.214828 0.684202 0.047694 0.047968
0 0.637351 0.669075 0.032876 0.042938
0 0.771282 0.639096 0.030533 0.040617
0 0.213508 0.774910 0.084663 0.109370
0 0.443611 0.635738 0.035488 0.034666
0 0.808060 0.606775 0.020135 0.028431
0 0.354409 0.670186 0.049722 0.061415
0 0.722406 0.625432 0.024950 0.032223
0 0.289887 0.623052 0.032522 0.033500
0 0.347377 0.629485 0.037946 0.042316
0 0.365513 0.599018 0.026228 0.030467
0 0.422154 0.620599 0.031250 0.041469
0 0.410714 0.600288 0.026228 0.027928
0 0.397879 0.587593 0.023996 0.031313
0 0.438616 0.576168 0.023996 0.025389
0 0.487165 0.571513 0.026228 0.031313
0 0.856306 0.611713 0.025670 0.040623
0 0.772321 0.597326 0.030692 0.045701
0 0.710379 0.582515 0.025112 0.033006
0 0.553013 0.568128 0.018415 0.027928
0 0.925781 0.602404 0.028460 0.037238
0 0.983259 0.612982 0.030692 0.038084
0 0.543248 0.588439 0.017857 0.034699
