0 0.089475 0.844866 0.142026 0.163922
0 0.505682 0.859961 0.109808 0.118845
0 0.428226 0.838902 0.076531 0.098585
0 0.224662 0.848678 0.099828 0.101986
0 0.285166 0.837500 0.074193 0.090136
0 0.628455 0.831857 0.088126 0.110682
0 0.687458 0.824483 0.053294 0.077339
0 0.322406 0.826436 0.099186 0.099751
0 0.772206 0.805528 0.047211 0.052970
0 0.381532 0.826239 0.037789 0.073501
0 0.178565 0.812117 0.063445 0.081418
0 0.609137 0.778457 0.073934 0.046546
0 0.015931 0.818051 0.031721 0.094381
0 0.559588 0.815781 0.031237 0.061102
0 0.728076 0.820863 0.033117 0.052069
