0 0.201774 0.817514 0.118961 0.164081
0 0.748252 0.755164 0.081909 0.144675
0 0.405841 0.864762 0.063113 0.072610
0 0.312497 0.858208 0.065716 0.078485
0 0.723209 0.713987 0.069890 0.123150
0 0.892134 0.940103 0.109615 0.117608
0 0.712178 0.908151 0.072524 0.078702
0 0.268958 0.943645 0.077531 0.088568
0 0.622989 0.839026 0.054921 0.063107
0 0.586917 0.795228 0.050531 0.057027
0 0.426372 0.752814 0.044047 0.052209
0 0.319716 0.813582 0.059846 0.062088
0 0.593241 0.892587 0.062347 0.073721
0 0.613653 0.758736 0.042918 0.051745
0 0.360201 0.734740 0.041657 0.047917
0 0.669605 0.809204 0.050104 0.058206
0 0.562424 0.737797 0.040533 0.042900
0 0.641604 0.732203 0.041054 0.045615
0 0.440044 0.710107 0.041788 0.044055
0 0.371609 0.707142 0.041788 0.041513
0 0.450036 0.685538 0.037548 0.038971
